,Biglari Holdings -- Sardar Biglari,Chase -- Edwin Taylor,Citigroup Global Markets -- Barry Guariglia,Bucknell University -- Kelly Stefanowicz,Turner -- Robert Scott,Northwestern Mutual Life -- Thomas Gallina,John Hancock -- John Paul,Villanova University -- Michael Mack,Yorkville Advisors -- Craig Engler,Cornerstone Financial -- Thomas Thorndike,Charles -- Katherine Kennedy,Citigroup Global Markets -- Katherine Rhodes,Morgan Stanley -- James Scott,Bank Of America -- Reed Smith,Liberty Corner Capital Strategies -- William Pigott,Morgan Stanley -- Arthur Andersen,Glen Rauch Securities -- Glen Rauch,Bank Of America -- Raymond Thomas,Stein Roe Investment Counsel -- Eric Propper,Morgan Stanley -- Joseph David,Wells Fargo -- William Blair,Morgan Stanley -- Daniel Lima,Wesolowski -- Paul Wesolowski,Wells Fargo -- William Blair,Morgan Stanley -- Arthur Andersen,Wachovia Bank -- Tu Nguyen,Citigroup Global Markets -- Joseph Friedman,Bulldog Investors -- Phillip Goldstein,Citigroup Global Markets -- Marsha Johnson,Wells Fargo Securities -- Richard Silva,Bank Of America -- Thomas Caskey,Glen Rauch Securities -- Glen Rauch,Morgan Stanley -- Julia Smith,Morgan Stanley Smith Barney -- John Verble,Morgan Stanley -- Julia Smith,Delta Equity Services Corporation -- Raymond Grenier,Parker -- Tim Shaw,Carson -- Ronald Carson,First Tennessee Bank -- Chris Kimler,Morgan Stanley -- Julia Smith,Fidelity -- Thomas Dusing,Oppenheimer -- Karen Nelson,United States Marine Corps -- Eric Schmitt,Capital Bank -- John Patrick,Citigroup Global Markets -- Elise Shartsis,Stephens -- John Stephens,Wachovia Securities -- Alpesh Patel,Levin Capital Strategies -- John Levin,Merrill Lynch -- David Singer,Morgan Stanley -- Lisa Hammond,Fedex -- Michael Margolis,Citigroup Global Markets -- Denis Roy,Bentley Forbes -- Christian Wehba,Wealth Management Solutions -- Dana Anspach,Kpmg -- Sean Connelly,Merrill Lynch -- Michael Duncan,Searle -- Robert Searle,Bank Of America -- William Bond,Gmac Mortgage -- John Curtis,Internal Revenue Service -- Charles Foster,Gemini Land Trust -- Joshua Crapps,Wells Fargo Bank -- Jennifer Lee,Lehman Brothers -- Debbie Hines,Chase -- Julian Diaz,Wells Fargo Bank -- Jin Park,Comcast -- Adam Spencer,Chabot College -- Isaac Richard,Jpmorgan Chase Bank -- Andrew Russell,First Allied Securities -- Adam Antoniades,Chabot College -- Isaac Richard,Ubs Financial Services -- Stanford Baer,Rockwater Municipal Advisors -- Charles Fish,Causeway Capital Management -- Mark Cone,Maccorkle Insurance -- Bernard Lauper,Juarez -- Anthony Juarez,Crown Capital Securities -- James Franceus,Jp Morgan Chase Bank -- Raul Munoz,State Farm -- Jennifer Key,Rockwater Municipal Advisors -- Charles Fish,Catanzarite Law Corporation -- Kenneth Catanzarite,Catanzarite Law Corporation -- Kenneth Catanzarite,Morgan Stanley -- Emma Bridges,Target -- Michael Simon,Mertens -- Kevin Mertens,Edward Jones -- Helen Rice,Edward Jones -- Robert Bird,Metropolitan Life Insurance Company -- Gil Cohen,Valic Financial Advisors -- Brett Laferrera,Morgan Stanley -- Arthur Andersen,Strickland -- Michael Strickland,Merrill Lynch -- Daniel Gomez,Rice -- Clifford Rice,Stanford Group Company -- Charles Rawl,Merrill Lynch -- Daniel Gomez,Merrill Lynch -- Daniel Gomez,Pruco Securities -- Richard Wang,Merrill Lynch -- Daniel Gomez,Bank Of America -- Jorge Gonzalez,Wells Fargo -- David Olson,Merrill Lynch -- Daniel Gomez,Raymond James Financial Services -- John Wanken,Bulldog Investors -- Phillip Goldstein,Gormley -- Joseph Gormley,Dickerson -- Jose Ortiz,Northwestern Mutual -- Timothy Miller,Bank Of America -- Molly Kerr,Perkins -- Kenneth Perkins,Wells Fargo Bank -- Dan Nguyen,Wells Fargo -- Spencer Reed,Fisher Investments -- Michael Weston,Morgan Stanley -- Arthur Andersen,Target -- Michael Simon,Apple -- William Morrow,Miller -- Jeffrey Schouten,Apollo Group -- Derek Hoggett,Scottrade -- Kristine Davenport,Bank Of America -- Peter Simmonds,Bank Of America -- Reed Smith,Morgan Stanley Smith Barney -- Marcia Bloemendaal,Morgan Stanley -- Arthur Andersen
Biglari Holdings -- Sardar Biglari,1.0,0.225503786946,0.327751031746,0.293048927145,0.368699320162,0.445630009806,0.431940589384,0.466314187995,0.707311805631,0.438071283304,0.702437235078,0.541561123031,0.256629474339,0.668590389152,0.797086052372,0.593444184423,0.510890919879,0.575135079604,0.614631832206,0.784879997298,0.690719539418,0.565253753365,0.573809503633,0.834405219683,0.611191850276,0.590187822788,0.780433684806,0.717468895436,0.750035867683,0.686059435691,0.688409696077,0.530992863005,0.721628543923,0.525688630319,0.640417996684,0.445210650264,0.704426508973,0.381236395512,0.59104042172,0.755614370188,0.390399852185,0.345595948729,0.648520276156,0.351908504299,0.307881348899,0.843884464855,0.570135752168,0.451507845085,0.528992811051,0.515762985751,0.528307925337,0.80419319336,0.604206068766,0.626778308036,0.478484344057,0.853478669542,0.634244316643,0.633938155696,0.630141967212,0.536953816546,0.684968658538,0.498053063834,0.374893895893,0.716261033314,0.16921257514,0.153154608832,0.444147771997,0.552340994392,0.764680408976,0.434283602815,0.237844685996,0.407123622772,0.801530259876,0.523700984389,0.196012382733,0.587803658323,0.596451942202,0.701171230142,0.410483183105,0.578218454611,0.50497440713,0.224444114885,0.55924221939,0.412194024417,0.552108159066,0.532588428502,0.501558803717,0.546808590645,0.817393190076,0.34769721465,0.530821215905,0.440335889709,0.260177980792,0.53122262875,0.530821215905,0.556932738623,0.527372811851,0.561127575542,0.658774210889,0.53122262875,0.393516457564,0.564648137091,0.382896489475,0.356751716205,0.613587640726,0.318935253107,0.373362050173,0.365794220423,0.561992502166,0.214667827551,0.654996692658,0.677471532299,0.513891668654,0.746279142863,0.516878400338,0.528242619674,0.51442049483,0.516839422023,0.591256600588,0.667046416667
Chase -- Edwin Taylor,0.225503786946,1.0,0.391388204861,0.612426370802,0.845141016991,0.668581537607,0.443151089189,0.578656565089,0.357219918656,0.535380448483,0.402995533754,0.357476419345,0.384491953712,0.447837296473,0.32995258148,0.447674125833,0.359517342621,0.417195108704,0.397710220867,0.237272357204,0.385124055354,0.289079880109,0.579686684268,0.343237166134,0.30374535102,0.453065260281,0.333934452796,0.375886353253,0.172799032635,0.689206453149,0.488857420709,0.401919653362,0.355214549086,0.411878448482,0.434351262401,0.571300511065,0.405707106931,0.602096321181,0.566062025821,0.333857765647,0.490172837124,0.262130880063,0.387705037493,0.249891230927,0.293066200939,0.189893735183,0.287144395619,0.157629938932,0.212853743641,0.269603277008,0.360739261224,0.269745551529,0.674069109972,0.691835574847,0.214876307326,0.295478880793,0.529585916455,0.443629661735,0.349468010341,0.800130675246,0.684436513337,0.528854331221,0.461541811594,0.322293701193,0.330519140973,0.654361208896,0.503942554176,0.451755596259,0.306326310738,0.503514729445,0.146826422298,0.441742573122,0.32398227831,0.585141318421,0.701641651747,0.512892414434,0.48406514064,0.160547177606,0.443478541316,0.580284734559,0.656261384759,0.261965922398,0.494571138636,0.788766392194,0.678218203628,0.747893907567,0.501926742145,0.206162603403,0.358960378419,0.781616079981,0.198342849094,0.433441438614,0.186806165534,0.19841793279,0.198342849094,0.439393453999,0.200439266753,0.384753704668,0.474537816809,0.19841793279,0.479750153131,0.427652531271,0.571532518326,0.687788404341,0.575023826401,0.225471408697,0.522553070787,0.717190982425,0.389339597925,0.220380332298,0.61743871278,0.411741050143,0.459635481816,0.465030821753,0.464277256507,0.436516416859,0.188624341756,0.605253406425,0.524808203839,0.234911171154
Citigroup Global Markets -- Barry Guariglia,0.327751031746,0.391388204861,1.0,0.376583806629,0.481220503019,0.600556210512,0.605635335582,0.758434404641,0.756681892899,0.641269479855,0.635020962155,0.648861345019,0.439561275519,0.673823221077,0.505213099624,0.732032662211,0.273643192861,0.672299459259,0.445184939797,0.698278465635,0.460416848621,0.439541757613,0.682715232815,0.60254078742,0.590968884199,0.73132489274,0.682205856462,0.567593431675,0.228686911084,0.640197943418,0.722138374485,0.255879954619,0.621139882008,0.720801475943,0.550776480598,0.660257961855,0.452940258357,0.676612022062,0.661667084473,0.584719622228,0.671811771798,0.414172681206,0.43994826595,0.518596231734,0.613438223391,0.453785735609,0.347277376664,0.0884530663415,0.155540827764,0.145081770931,0.786636423419,0.401093762633,0.644562565036,0.6747435672,0.386234397523,0.583817249807,0.699131298197,0.761527511004,0.595982198601,0.487727305637,0.602511592899,0.744159455647,0.262667447541,0.521254688748,0.156778793217,0.135669996844,0.433181743817,0.337101536564,0.261575440038,0.415898470399,0.345180154227,0.214487528343,0.376409485681,0.462430258037,0.179228604819,0.550161530236,0.422360700872,0.226187271255,0.21910113319,0.434735031598,0.559640073179,0.72855576068,0.518334660013,0.445146162385,0.63185918793,0.525339062152,0.78878907742,0.864847934539,0.599625324338,0.572074634666,0.413756855176,0.646534437507,0.773710338669,0.413848370307,0.413756855176,0.845160977778,0.438353587419,0.83698707254,0.806147624978,0.413848370307,0.871965755812,0.687110561063,0.197005298572,0.634492233515,0.683669420214,0.884699094121,0.680294476465,0.540906778034,0.632658132913,0.887752695496,0.55529102871,0.590184943443,0.742560284569,0.616490632158,0.818748293781,0.758676626168,0.276214566285,0.608521873475,0.77078544276,0.582348114369
Bucknell University -- Kelly Stefanowicz,0.293048927145,0.612426370802,0.376583806629,1.0,0.644342461742,0.823353269303,0.52399817739,0.577408519592,0.482807109934,0.625529519906,0.349440434739,0.318703573493,0.116250853455,0.269660380784,0.294252228393,0.6539301222,0.325959645816,0.428319425938,0.338132050895,0.408933243474,0.498905399711,0.425354099144,0.598700861394,0.364697502393,0.370836451232,0.455985575628,0.395467434504,0.476911615706,0.26796128644,0.717585907061,0.508156310492,0.39302096428,0.498448879648,0.588715339531,0.538683047004,0.482667534516,0.692848615763,0.686552378429,0.664880547365,0.458556593605,0.753110806551,0.38354926859,0.389475055605,0.224531995218,0.532519039828,0.258224602223,0.256761335358,0.0709159064305,0.14895549945,0.163149180668,0.485346845036,0.499627751339,0.628533161489,0.770202564332,0.0603315884392,0.468985851472,0.646116054228,0.52824164617,0.447165064551,0.620334427647,0.522276310837,0.552051489686,0.424050335223,0.314245232466,0.238856447516,0.30350395232,0.287327711411,0.30095195064,0.298188065127,0.276583422669,0.246790709913,0.242006434879,0.311358829523,0.430054908036,0.350752989398,0.463572752886,0.471224207953,0.267427480121,0.245208131609,0.566175238014,0.406533932219,0.246189024063,0.334344401488,0.587864030259,0.486034297413,0.49288177286,0.68619065509,0.278185575247,0.572017572277,0.673571309418,0.23319269614,0.525027729125,0.152635575612,0.233446712622,0.23319269614,0.561120855019,0.229544535064,0.568898765937,0.467721108535,0.233446712622,0.499180685195,0.588537472843,0.294826243812,0.740517577098,0.626515771944,0.298921600617,0.600894938964,0.69550269151,0.608808768718,0.249605497578,0.517108686486,0.37842363963,0.580242950456,0.612286690665,0.551122380773,0.614859005828,0.194453661011,0.759942923826,0.471969707836,0.261846693621
Turner -- Robert Scott,0.368699320162,0.845141016991,0.481220503019,0.644342461742,1.0,0.699992843794,0.539518210327,0.830256752062,0.450915419732,0.793930800675,0.615551941851,0.476569182795,0.276017330858,0.637536539003,0.530818652997,0.681579810948,0.442128780618,0.577141591006,0.56046583935,0.448752030294,0.619277478656,0.45018307752,0.742575408868,0.471620095937,0.427585888817,0.581236679716,0.466597935514,0.512742568177,0.29943128289,0.819942744477,0.633473875713,0.466790699507,0.510671165904,0.654048034899,0.651342310254,0.80163880628,0.5632407035,0.816133614751,0.661013083678,0.458405343951,0.521063329279,0.531575771071,0.591082904807,0.520289709461,0.540382923189,0.366195810699,0.405611325095,0.195453333299,0.294961789529,0.351679597013,0.47264651609,0.453868171849,0.721980037026,0.848217743204,0.34264011725,0.479383159044,0.736104256051,0.536812120729,0.562303415383,0.917876916283,0.704850824371,0.576443657087,0.432761860066,0.319756671637,0.257010386405,0.465270184619,0.37053564262,0.342506444703,0.2884971996,0.364672753474,0.143490504615,0.276935849598,0.371879310698,0.45960106822,0.52547571436,0.414996840272,0.418113801838,0.184702394513,0.279071141103,0.481061297696,0.574665414338,0.207815940504,0.779855712395,0.835388718839,0.613551686356,0.635452348129,0.665610113148,0.338928652617,0.549191767492,0.947040834662,0.318722589384,0.533666973257,0.27903465515,0.318782987119,0.318722589384,0.56410789277,0.325668480658,0.606325296479,0.672214283449,0.318782987119,0.576147211338,0.634703027443,0.689977290351,0.874894092573,0.680892417198,0.299496600647,0.73326148926,0.892945973908,0.541925507416,0.26261936253,0.696493202227,0.633646681764,0.680514302287,0.642468593144,0.605830769832,0.556264642971,0.236355061909,0.643807073957,0.573003652032,0.314665890573
Northwestern Mutual Life -- Thomas Gallina,0.445630009806,0.668581537607,0.600556210512,0.823353269303,0.699992843794,1.0,0.83812648447,0.718283640778,0.729364202045,0.695654095368,0.590396773867,0.499805293443,0.325755386708,0.498805347568,0.554346351514,0.787771711546,0.45002692973,0.705725764253,0.593959019325,0.575479328788,0.515494656834,0.368439655769,0.749758144242,0.567333953203,0.465854441662,0.722999583641,0.588610422775,0.651949632722,0.396490835223,0.772541749742,0.746187883902,0.491151150523,0.526413088455,0.719262403627,0.677930366891,0.556113209088,0.624225380365,0.732688450959,0.825504711418,0.565125459403,0.865146518545,0.359803894771,0.449676104733,0.322050503642,0.494475498117,0.362715395758,0.52994593075,0.259280669205,0.25531741691,0.439692996038,0.64151480653,0.523342158699,0.866498895566,0.884604672026,0.382327110856,0.567968219153,0.684850129288,0.716043330235,0.480804133694,0.740236062348,0.736690775071,0.886887765645,0.525605155452,0.457614796948,0.2441178591,0.270318647322,0.463930797967,0.483433105887,0.293422621569,0.454259258077,0.234144865897,0.304372614046,0.479686138722,0.574846884888,0.332337470644,0.706917528665,0.60865540058,0.290792488197,0.307999170393,0.590681919927,0.622017432719,0.375847730828,0.437032835901,0.677875273111,0.713198344092,0.70188733405,0.830234631757,0.436781902643,0.612267792635,0.722211194841,0.280928528034,0.764256416898,0.300706048481,0.281269645465,0.280928528034,0.785229687565,0.287815720446,0.701548688616,0.696304990136,0.281269645465,0.636086595312,0.680914622582,0.332815582935,0.753650766044,0.924964762776,0.452668951567,0.670508800893,0.690704165187,0.783533055846,0.425459449827,0.655595616583,0.511268244934,0.751070976481,0.720453331874,0.714431862899,0.764644908765,0.238077727265,0.858693354979,0.657918181642,0.423811222552
John Hancock -- John Paul,0.431940589384,0.443151089189,0.605635335582,0.52399817739,0.539518210327,0.83812648447,1.0,0.680317826906,0.7352242378,0.617262596999,0.48602797251,0.395286850467,0.312757270809,0.449157150183,0.542441425048,0.715051118655,0.158116004278,0.774717642668,0.457411572094,0.577368969927,0.482179059615,0.426370563173,0.601359568277,0.545208185339,0.518544211031,0.684090717897,0.604675209287,0.659820235463,0.517416485375,0.586655331251,0.686566640659,0.172810085911,0.46826205908,0.702681867177,0.65736779784,0.47458693476,0.497198553807,0.66365349069,0.77837932237,0.546154962198,0.778754683282,0.326989276276,0.392933645968,0.295576217456,0.477682464754,0.327589966194,0.52666157572,0.368678545939,0.267928610013,0.459081716356,0.704136926129,0.500296917014,0.774311977019,0.746589672146,0.696294197123,0.569168087156,0.553036325237,0.664721130377,0.455123050911,0.580645036698,0.634387795585,0.91437390083,0.360815437078,0.416294869495,0.118598835955,0.113705020225,0.460736516686,0.423534862943,0.204796900009,0.45431702259,0.161246630911,0.270508846055,0.439944655533,0.514997207292,0.114079511657,0.678643946373,0.522885893772,0.264080146525,0.273242879319,0.416264603243,0.549619267732,0.319497163254,0.412578781176,0.488511542143,0.64175500557,0.534927427814,0.77349758679,0.463114643281,0.552831690004,0.533713916721,0.347397848158,0.863837173405,0.2823011927,0.347444507697,0.347397848158,0.760912943667,0.345561997604,0.656880855393,0.712245588239,0.347444507697,0.616997335688,0.628406876138,0.285059673298,0.618961473152,0.855010554544,0.448794346616,0.616073295512,0.552931833687,0.712531934357,0.436052723798,0.608335821376,0.492294007053,0.696935042741,0.688125563936,0.695228774863,0.721708798707,0.258845641826,0.695838961696,0.68040137805,0.474257714718
Villanova University -- Michael Mack,0.466314187995,0.578656565089,0.758434404641,0.577408519592,0.830256752062,0.718283640778,0.680317826906,1.0,0.714996657867,0.942679130356,0.754625966524,0.597783179464,0.273385196314,0.768484063977,0.672613711763,0.877748996087,0.42213473355,0.820319657153,0.630360018838,0.757690216266,0.613045869496,0.56830373906,0.886924668324,0.682970442663,0.588875578743,0.791121662355,0.723953154529,0.683849592905,0.361061061568,0.859220446303,0.839805719677,0.428799224058,0.662923241016,0.79385241857,0.737447737334,0.865611693676,0.60460716046,0.950077310839,0.743313629719,0.590994761006,0.673436347772,0.544513448733,0.549937047655,0.736235487308,0.826291455364,0.501876261381,0.386841629723,0.203272047603,0.209281881916,0.30992008955,0.774986422111,0.51727022141,0.777450439134,0.8688126811,0.44422955372,0.656242574737,0.866834173332,0.811958476266,0.819031663942,0.785000704785,0.731661174039,0.72517281313,0.437581342649,0.476203593323,0.28078750166,0.260527380577,0.407702963867,0.346117417847,0.255079164055,0.392409629411,0.226360486395,0.248667189043,0.452308877984,0.509693951323,0.269638627157,0.463399430955,0.478466174748,0.215697935018,0.253300666243,0.45027876614,0.563560418756,0.389509732477,0.833870117236,0.751974133186,0.683052918745,0.609378891333,0.864693682273,0.625539169984,0.712783019343,0.860094047709,0.418759412486,0.784738902915,0.443801075564,0.418888015591,0.418759412486,0.802301209833,0.430759643708,0.899859862959,0.871564473801,0.418888015591,0.799984908588,0.780427200833,0.546879828306,0.927910572107,0.780833865763,0.571018941711,0.92543268022,0.875557711476,0.696116756773,0.510236013461,0.654170174544,0.754569227937,0.934433371172,0.710642496155,0.8955459051,0.845263468072,0.333008547242,0.666235597078,0.722806433002,0.586242615756
Yorkville Advisors -- Craig Engler,0.707311805631,0.357219918656,0.756681892899,0.482807109934,0.450915419732,0.729364202045,0.7352242378,0.714996657867,1.0,0.65690759681,0.702514405752,0.556790496502,0.471272140332,0.704953819035,0.783128286422,0.863089484437,0.365760170746,0.743114420063,0.552426810474,0.898954305361,0.617320654415,0.546639498221,0.740112383362,0.828604027942,0.716512822609,0.856218470351,0.876913045573,0.746738174335,0.640037759168,0.781210648414,0.879725609218,0.392085391792,0.823152460138,0.794320968867,0.752279816249,0.656880087202,0.692193100389,0.659110899617,0.779612168586,0.84347997895,0.834941986922,0.494442626597,0.521567423469,0.453417547503,0.620196261105,0.723425948115,0.580221552512,0.384388745225,0.261699458695,0.445166463932,0.888904229347,0.705055524912,0.783321197685,0.761640791413,0.468907652972,0.853320328109,0.795274874352,0.876059015392,0.688383577946,0.555521851078,0.794678925722,0.841226453552,0.359089561975,0.797957363069,0.171363105619,0.153130296961,0.550241410357,0.635114398449,0.545712341528,0.535640970353,0.27313989493,0.35026428356,0.713477628052,0.642117659729,0.187929090644,0.754560985047,0.732169206607,0.540267677734,0.355638439551,0.642927650516,0.658783103322,0.49763616628,0.552989984088,0.504374182938,0.684883697804,0.617405899985,0.819517497369,0.758968128524,0.828126012009,0.505602733911,0.50247242719,0.767207680806,0.470438019015,0.502746394525,0.50247242719,0.942690579535,0.510409652187,0.882233565306,0.887533311559,0.502746394525,0.729952070205,0.740349396134,0.304091435927,0.612721965174,0.844451634067,0.627328622406,0.655873136211,0.527087878589,0.814361146604,0.560564155605,0.627694108744,0.695905064405,0.780816167386,0.793879530229,0.871648865355,0.862479678743,0.338159162271,0.737367739522,0.789708509171,0.854757333102
Cornerstone Financial -- Thomas Thorndike,0.438071283304,0.535380448483,0.641269479855,0.625529519906,0.793930800675,0.695654095368,0.617262596999,0.942679130356,0.65690759681,1.0,0.733759239512,0.594452396328,0.244783617731,0.736241582147,0.631039358601,0.857852106986,0.465505474116,0.791679079536,0.639928698533,0.703585438387,0.528655334275,0.563449252704,0.901313355659,0.682406343677,0.519189741678,0.796134041002,0.670453453456,0.631718601386,0.329741258767,0.866151349078,0.859035691585,0.486658334698,0.62128565596,0.675343390448,0.68638870864,0.860137600305,0.618791128759,0.974346363453,0.730356414032,0.574225151788,0.641473068782,0.435785214144,0.461159559934,0.65431407099,0.828099259944,0.444686327162,0.255775912799,0.144877013525,0.18827694947,0.227251160934,0.728248408957,0.500878656796,0.761562926657,0.841811557132,0.331474765828,0.614478006393,0.845498951871,0.815320118835,0.800499000249,0.784280821662,0.709807243325,0.632160968474,0.374697819422,0.371479834821,0.197679777612,0.19742908357,0.251928677403,0.237401204362,0.189593190258,0.236671513221,0.17779171236,0.179211795355,0.336310825384,0.410311288938,0.184699360338,0.35729824158,0.440032161975,0.185684528293,0.183356976054,0.353315425351,0.392655768965,0.282549330626,0.814391261771,0.744877873347,0.580551140424,0.525754767302,0.843045229245,0.547178526961,0.705512899079,0.885471446027,0.34863241803,0.784998498409,0.386871372113,0.348650420579,0.34863241803,0.708606150988,0.355509811725,0.855790354877,0.800017383607,0.348650420579,0.728253024683,0.704438140392,0.655182369439,0.958838407587,0.742683403503,0.519892648934,0.972768605497,0.936868225907,0.681243480752,0.425223480233,0.574020986257,0.69409742271,0.887509788637,0.642853331612,0.849614945616,0.834011851365,0.257334856786,0.655973327868,0.633055820833,0.554405398871
Charles -- Katherine Kennedy,0.702437235078,0.402995533754,0.635020962155,0.349440434739,0.615551941851,0.590396773867,0.48602797251,0.754625966524,0.702514405752,0.733759239512,1.0,0.872761904445,0.463195392962,0.871641360702,0.861605009291,0.782482396722,0.790360259829,0.798076868336,0.932858234959,0.824781799706,0.651687036776,0.557563099189,0.895861293589,0.892128800451,0.551204121214,0.802991691086,0.81127501303,0.779335863107,0.476862970086,0.793035048921,0.861041602402,0.763312026212,0.627392654757,0.634360738883,0.769005748237,0.697318949473,0.491992895334,0.67553657361,0.62331561775,0.591297159294,0.417009525949,0.465029691173,0.512737329308,0.534809612864,0.541349522123,0.59753591138,0.452280590937,0.364847288525,0.378284447567,0.482931538883,0.648663862986,0.661593153165,0.723188308149,0.788410162903,0.400150427166,0.65422396162,0.681810124826,0.763572439547,0.678989927468,0.728208530472,0.804346938291,0.600105329329,0.463839320313,0.460617060469,0.220501834822,0.17140503836,0.33710711194,0.381007006262,0.345099240498,0.319502220467,0.268575626983,0.20390063737,0.541193735218,0.470372944404,0.204296622284,0.417729641678,0.457793918765,0.34776699772,0.208229090451,0.374511023417,0.490084881351,0.349917746258,0.692339705428,0.596345137949,0.673015726775,0.663029212126,0.770413006839,0.591926177651,0.676463240673,0.674841580804,0.427005738568,0.597703411425,0.495388296751,0.427554057669,0.427005738568,0.647404513846,0.455741720929,0.761066249527,0.752157536978,0.427554057669,0.675525355611,0.705623356442,0.423792878336,0.624986865388,0.779096591642,0.564334963256,0.696881499162,0.626762490851,0.648675202612,0.441318555473,0.716195192707,0.656630804798,0.778236806562,0.666242694455,0.699083476887,0.666973776727,0.424590342383,0.622984515544,0.712296225854,0.517350469579
Citigroup Global Markets -- Katherine Rhodes,0.541561123031,0.357476419345,0.648861345019,0.318703573493,0.476569182795,0.499805293443,0.395286850467,0.597783179464,0.556790496502,0.594452396328,0.872761904445,1.0,0.336082615637,0.658047530499,0.677932612814,0.596912995178,0.792333470709,0.708543010447,0.863282147538,0.64160704151,0.512313538832,0.521573496719,0.79733946424,0.773135700702,0.452014330536,0.640828228389,0.709034690088,0.645275255406,0.380758456721,0.663545223725,0.702164995343,0.765406135903,0.521787089632,0.444406175775,0.634894256628,0.518176508163,0.332134642471,0.54454880564,0.568653615108,0.390116447276,0.275087571665,0.351587493214,0.30564860306,0.31354233832,0.444808258481,0.349032289247,0.323756383977,0.295289131345,0.335686299281,0.406285896618,0.521306022192,0.593723912242,0.693198336529,0.710885731068,0.293342907033,0.459052149447,0.545078363232,0.667438570361,0.499503450861,0.6458621666,0.7433993511,0.461512104434,0.345531724033,0.276352569432,0.163257568628,0.156924255526,0.303936118707,0.314139956466,0.279663458953,0.285816076158,0.403013513278,0.340314156467,0.371977104837,0.430488505048,0.21194518192,0.406947304886,0.391798081206,0.23726166082,0.343427983534,0.29968332182,0.399543663318,0.496864845014,0.471006248745,0.472328171382,0.635913645081,0.630834439597,0.72348820016,0.613067692218,0.517095878534,0.564922533091,0.395581108912,0.514565669469,0.697427719754,0.395958129378,0.395581108912,0.493371049302,0.432467643025,0.633839117747,0.546856036558,0.395958129378,0.732924097181,0.566984297233,0.341428892693,0.487727170527,0.672315438881,0.737432411981,0.554306956646,0.544054200701,0.547572407019,0.62449251556,0.606041118414,0.397610974616,0.615562315909,0.499712984317,0.592895847155,0.575225083381,0.313378113066,0.536261923107,0.612730806221,0.313165764282
Morgan Stanley -- James Scott,0.256629474339,0.384491953712,0.439561275519,0.116250853455,0.276017330858,0.325755386708,0.312757270809,0.273385196314,0.471272140332,0.244783617731,0.463195392962,0.336082615637,1.0,0.604912821867,0.430340911969,0.471956945687,0.126320797767,0.245556559385,0.306846787901,0.415267306135,0.354110569863,0.326568268794,0.316136689877,0.452014253478,0.507081802367,0.572160447443,0.525499839469,0.544766931531,0.375368538094,0.400373116182,0.491732540515,0.105159720778,0.443626579866,0.418640595514,0.495379417743,0.497655781389,0.184734318829,0.287998457754,0.386015217251,0.478254078879,0.345304756342,0.223813462378,0.336506816821,0.21092715888,0.0876520346116,0.337644295184,0.293409584786,0.321897097157,0.14531209266,0.207187207192,0.469742131962,0.358565692678,0.24923415264,0.341266208504,0.203138238336,0.386432024119,0.28925369549,0.371567802112,0.256893691937,0.31933119261,0.46138936838,0.467856260624,0.242632740477,0.320842932439,0.0823744240972,0.0863649083195,0.188492713366,0.297832524284,0.130750197892,0.182451324205,0.223176473234,0.126349051167,0.368332555999,0.304634885622,0.0844297846191,0.369466902053,0.316129932685,0.309320009339,0.128148414937,0.295833761429,0.312566199734,0.22968217,0.224805965922,0.293259234618,0.400622505034,0.344115163488,0.306852623415,0.250630130359,0.283106345996,0.329668038603,0.346549573599,0.23358735776,0.184493237606,0.346747426834,0.346549573599,0.451862567346,0.349408242608,0.367994395275,0.475839368931,0.346747426834,0.270235381795,0.523540559342,0.191182051331,0.261376172535,0.351142784344,0.243491522689,0.340244558448,0.217240918112,0.392554347243,0.226815081717,0.662601996037,0.392558208752,0.263942784876,0.321432036289,0.279156084875,0.257663425654,0.299090178431,0.558420519277,0.66563110647,0.37468550187
Bank Of America -- Reed Smith,0.668590389152,0.447837296473,0.673823221077,0.269660380784,0.637536539003,0.498805347568,0.449157150183,0.768484063977,0.704953819035,0.736241582147,0.871641360702,0.658047530499,0.604912821867,1.0,0.788440154783,0.765760599638,0.533223422846,0.656317635554,0.696051071543,0.793894397349,0.56403549993,0.566379822929,0.779671423836,0.82580417689,0.656798334991,0.808175580205,0.782904270115,0.734662749019,0.466163666242,0.792321050227,0.862995380459,0.514286514336,0.710474602382,0.644582688678,0.678890516475,0.833349521245,0.563656346421,0.696384247052,0.626617606242,0.708428609633,0.454900284503,0.393969163733,0.673791373018,0.639498723978,0.489103059456,0.741230263644,0.445594866174,0.30821898948,0.25326377154,0.33869014298,0.691230130357,0.537234475217,0.601039948095,0.703334067367,0.398447233791,0.745129547162,0.761933338962,0.757342329012,0.73387419112,0.67084384466,0.690247474739,0.607530498433,0.331400519286,0.541586169526,0.123217349247,0.130688956538,0.297465342292,0.320437066054,0.378942591593,0.283791159549,0.145967250975,0.207774736056,0.586058335087,0.385965258069,0.170514803567,0.38517955771,0.38672701356,0.368127934006,0.211064528204,0.391318891025,0.451656769165,0.321157088772,0.793454317809,0.590563188702,0.561741718048,0.505084911981,0.633122127833,0.653591527678,0.725027796315,0.713144824455,0.490101300808,0.504895564884,0.469017295556,0.490314874796,0.490101300808,0.701233904221,0.49954683422,0.76226187558,0.869174150255,0.490314874796,0.587431957576,0.701763101573,0.533898294642,0.675179047489,0.654137426411,0.509280490566,0.719130927921,0.640671234773,0.566435940456,0.43764183263,0.768117068225,0.813197687729,0.70649614685,0.661252098912,0.68421252851,0.615839869228,0.501083789577,0.58228863575,0.785070509573,0.682463036238
Liberty Corner Capital Strategies -- William Pigott,0.797086052372,0.32995258148,0.505213099624,0.294252228393,0.530818652997,0.554346351514,0.542441425048,0.672613711763,0.783128286422,0.631039358601,0.861605009291,0.677932612814,0.430340911969,0.788440154783,1.0,0.753964369276,0.579716518123,0.740704240552,0.772487189075,0.818414872104,0.68655331096,0.554203356428,0.759539022885,0.876466137177,0.621505505698,0.824452587526,0.875005954015,0.803821977147,0.71830905049,0.75918598946,0.832467703214,0.578053982397,0.781367532491,0.666996904926,0.817561568949,0.670963431852,0.47130021564,0.586375632098,0.67293157145,0.604840210685,0.478403336838,0.554097980461,0.452336174744,0.456908701949,0.501637590204,0.652420324244,0.705411922997,0.551511717283,0.428787555831,0.657589805305,0.644097269915,0.691497879811,0.714786322659,0.72291246804,0.346570446512,0.72040330788,0.697185409688,0.764940255281,0.727214485727,0.645710736559,0.798182526645,0.626812000654,0.457409736777,0.527506148005,0.210019352293,0.183583002994,0.325366048485,0.49919202759,0.377418848798,0.309467535305,0.159629178663,0.302151361231,0.768288390449,0.505051774572,0.119536211124,0.563455525274,0.568144710644,0.337953078114,0.306657509196,0.389285078208,0.504948354519,0.285856811918,0.636767856775,0.532138058616,0.621227279536,0.589785249218,0.658372732234,0.560553825412,0.654219252709,0.52299997825,0.497166618626,0.576195822698,0.406655067707,0.497494553859,0.497166618626,0.702713780941,0.509924454153,0.748217339334,0.738185827101,0.497494553859,0.557236003242,0.643129062071,0.47067332162,0.529719775992,0.749921197955,0.452989418005,0.576949958103,0.521278667038,0.653136800341,0.333886111904,0.712696241112,0.57193400486,0.703486788096,0.613856288994,0.669738033376,0.657757808061,0.545846265498,0.610434384351,0.688779937679,0.731064047691
Morgan Stanley -- Arthur Andersen,0.593444184423,0.447674125833,0.732032662211,0.6539301222,0.681579810948,0.787771711546,0.715051118655,0.877748996087,0.863089484437,0.857852106986,0.782482396722,0.596912995178,0.471956945687,0.765760599638,0.753964369276,1.0,0.419777299503,0.761301977708,0.634290933008,0.861730009598,0.698241874359,0.56061191982,0.849171122259,0.747898597702,0.644788266691,0.888515491871,0.827064995736,0.817807957606,0.524121443263,0.874428514217,0.903449377935,0.436801563011,0.810930342864,0.907356275976,0.859400429031,0.841133929786,0.732340385966,0.859878177131,0.832018103557,0.774266060355,0.806416551018,0.634489838156,0.618923840246,0.638776627607,0.785814020376,0.644950179544,0.496306345458,0.277562124907,0.23331571186,0.366287863416,0.829029459533,0.724433673658,0.770656938771,0.883581441363,0.426319603605,0.805189714923,0.886118342339,0.846163468233,0.774647073143,0.70557920667,0.757278466467,0.799228698917,0.442560987567,0.620875672815,0.224365901025,0.15070883068,0.41462365506,0.470877179875,0.362596427961,0.397387822532,0.377468944984,0.206983246049,0.603396004933,0.552546158164,0.139291839236,0.550551086314,0.639979370794,0.472523741183,0.212503239738,0.569078285668,0.544363573404,0.405115590927,0.725614878706,0.659303515918,0.649641455532,0.577391539978,0.892326244018,0.641669711983,0.820484557801,0.741037566139,0.420841492415,0.777913071685,0.408931301408,0.421126252225,0.420841492415,0.901044392905,0.43242755231,0.94255967196,0.905135849616,0.421126252225,0.750504928551,0.915176155731,0.451448981983,0.83194585102,0.828090799363,0.564949762014,0.844630844166,0.750751287909,0.903060877286,0.489521173002,0.731179911963,0.782120967613,0.887921220568,0.796256374444,0.878617228132,0.869180993964,0.377087235879,0.864000626947,0.763089108603,0.65520083706
Glen Rauch Securities -- Glen Rauch,0.510890919879,0.359517342621,0.273643192861,0.325959645816,0.442128780618,0.45002692973,0.158116004278,0.42213473355,0.365760170746,0.465505474116,0.790360259829,0.792333470709,0.126320797767,0.533223422846,0.579716518123,0.419777299503,1.0,0.522119244157,0.90183188052,0.472166052278,0.311778013153,0.267367436787,0.734004946136,0.653900628644,0.219006718728,0.448281518188,0.462055070299,0.438038750058,0.205322507779,0.565593381358,0.565157335278,0.991610967877,0.277053538105,0.222462647374,0.476676844662,0.340391862142,0.304499537863,0.385267108435,0.363365491797,0.263047879735,0.149170208523,0.206291037733,0.239259887032,0.196544984124,0.258908190213,0.312149785401,0.229534959217,0.20321364927,0.159867382523,0.406664859381,0.244697105274,0.440183047869,0.584332351222,0.571029495449,0.104432579102,0.319487618248,0.390976393113,0.485588557126,0.295500456397,0.605483410722,0.620693846734,0.279189872695,0.344629287784,0.216901383377,0.158753005698,0.22584565453,0.254365245815,0.291618056073,0.283775938217,0.243392028438,0.161129402265,0.213434878866,0.294262384258,0.337588697221,0.325143771539,0.206105477601,0.313350477116,0.197743263824,0.21558221478,0.27377575427,0.32045536182,0.148166360642,0.412729503368,0.465022215836,0.480301504921,0.595705226052,0.519028364389,0.265218756815,0.405832476274,0.508960508689,0.201772195643,0.310042203563,0.317368437848,0.202451098339,0.201772195643,0.268340536414,0.238461489033,0.402963780284,0.344358612328,0.202451098339,0.411672996376,0.335157200985,0.297620541282,0.377165435438,0.590153081776,0.324431155148,0.365583770728,0.446179029139,0.389981715509,0.190508555087,0.394403304174,0.305072304216,0.470470333025,0.376479563527,0.383770917375,0.382638001659,0.187282379971,0.370933139028,0.336121507728,0.149071162718
Bank Of America -- Raymond Thomas,0.575135079604,0.417195108704,0.672299459259,0.428319425938,0.577141591006,0.705725764253,0.774717642668,0.820319657153,0.743114420063,0.791679079536,0.798076868336,0.708543010447,0.245556559385,0.656317635554,0.740704240552,0.761301977708,0.522119244157,1.0,0.755147469525,0.767126096445,0.525052909824,0.557573141892,0.874499136095,0.80425667375,0.483385332114,0.803838493918,0.757305091522,0.747665212625,0.427312859961,0.742212634681,0.841539584386,0.511365744616,0.51800523195,0.613601032894,0.679406256653,0.583578628375,0.445480781001,0.7855592561,0.7147091904,0.51641467236,0.59052130633,0.340690975042,0.295941348037,0.441914664257,0.672858575824,0.393880322242,0.359162524755,0.33943029208,0.328951950652,0.426140717189,0.765053263944,0.53005303293,0.834475464099,0.788470773669,0.581290717186,0.579740308282,0.64522303755,0.860783332999,0.742322852868,0.695982559681,0.796330026498,0.758983628874,0.547233081243,0.430742145455,0.344593831954,0.172695478791,0.497595126547,0.430725284423,0.23732538598,0.480833173905,0.21148814708,0.218714777428,0.451565692993,0.63918310276,0.212673542491,0.519549750404,0.558909223825,0.220579558163,0.224237426194,0.366926619902,0.588142007983,0.423960953022,0.602764086473,0.649118696327,0.801874873395,0.723058564934,0.881294166126,0.599424994116,0.628548522088,0.629953168621,0.337103288019,0.918891692624,0.433227024213,0.337380312803,0.337103288019,0.697537033765,0.354534678262,0.788413406105,0.740403356186,0.337380312803,0.816763387261,0.623165216971,0.411046387301,0.70438372686,0.848831030111,0.608974734692,0.791731079987,0.693432776988,0.651039009433,0.499955364861,0.572273168447,0.535381384915,0.851730276344,0.652609521685,0.843866718021,0.842579206555,0.425370321614,0.613960716828,0.704965572596,0.556847874319
Stein Roe Investment Counsel -- Eric Propper,0.614631832206,0.397710220867,0.445184939797,0.338132050895,0.56046583935,0.593959019325,0.457411572094,0.630360018838,0.552426810474,0.639928698533,0.932858234959,0.863282147538,0.306846787901,0.696051071543,0.772487189075,0.634290933008,0.90183188052,0.755147469525,1.0,0.657223737395,0.502636066591,0.415450739673,0.853905219888,0.801431626304,0.36575166878,0.669995556941,0.669302476941,0.675324207777,0.393302266477,0.672039875038,0.754363458563,0.877634461621,0.413636089996,0.457542780634,0.682094437828,0.504214485932,0.350159890994,0.563859193849,0.523645366786,0.378508427174,0.303181131325,0.330183440394,0.342105086891,0.382287102951,0.417471857048,0.395142689597,0.385281875894,0.356945790183,0.339222954436,0.534883925087,0.470211995592,0.56498897556,0.720681079775,0.729331231818,0.355654696385,0.459928380987,0.503450569869,0.642821863839,0.48887856728,0.696469709933,0.755830875651,0.515041526934,0.441990170914,0.28600947716,0.177939921742,0.196010393075,0.285461446765,0.320269500746,0.224092626993,0.272065466705,0.198766176781,0.255262866704,0.416126592312,0.403846746081,0.199202983435,0.352627584397,0.381409632315,0.221511013892,0.258222754928,0.269530315798,0.397111158264,0.189648588352,0.550383222592,0.535817036032,0.618311029382,0.661049494488,0.694924479905,0.36929550415,0.50571952504,0.601602184799,0.287308900487,0.556587956465,0.352152890324,0.287960324143,0.287308900487,0.471484812056,0.31936656291,0.587110710109,0.556610067889,0.287960324143,0.539884210289,0.541220519452,0.358289279015,0.517718508532,0.76491993073,0.413969481535,0.575058876214,0.552522101387,0.564673292579,0.284113736871,0.598698240725,0.463862914513,0.690301181388,0.526050581006,0.566369901742,0.555529245527,0.299165513405,0.525962801306,0.538364613012,0.306087516064
